1#1 2 2 2 0
0#0#1#0#0$1#1#1#1#1$0#0#1#0#0 7 1 4 1
0#1#1$1#1#0 4 7 6 3
0#1$1#1$0#1 4 2 2 0
0#1$1#1 3 3 1 0
0#1#0$1#1#1$1#0#1 6 3 6 2
0#1$0#1$1#1 4 4 2 1
0#1#1#0$1#1#1#1$0#1#1#0 8 5 3 1
1#0#0$1#1#0$0#1#1 5 10 4 3
0#1#1#0$1#1#1#1 6 7 4 2
1#0#1$1#1#1 5 1 2 0
0#1$0#1$1#1$1#1 6 10 5 3
0#1#1$0#1#1$1#1#0 6 8 6 3
1#0$1#0$1#0$1#1 5 10 3 2
1#0#0#1$1#1#1#1 6 1 5 1
0#1$1#1$1#0 4 3 2 1
1#0$1#1$1#1 5 2 2 0
0#1#0$0#1#1$1#1#0$0#1#0 6 2 1 0
1#0#1$1#1#1$1#0#1 7 2 3 0
0#1#0#0$1#1#1#1$0#1#0#0 6 0 3 1
0#1$1#1 3 1 3 0
0#1#0$0#1#0$1#1#1 5 5 5 2
1#1$1#1 4 6 5 2
0#1#0$1#1#1$0#1#0 5 5 4 2
0#1#0$0#1#0$0#1#0$1#1#1 6 7 2 2
0#1$0#1$1#1$0#1 5 3 4 1
1#0$1#1$1#1$0#1 6 4 2 0
0#1#1$0#1#0$0#1#0$1#1#0 6 1 2 0
1#1#1#1#1 5 7 1 1
0#1$0#1$1#1 4 4 6 2
1#1#1 3 2 2 0
0#1$0#1$1#1$1#0 5 2 3 1
1#1#1#1 4 3 3 1